6748751
6734787
6068892
6692635
6212151
6648411
5345892
6521051
6607555
6216359
6758991
6759687
6757963
6756615
6759635
6758075
6759191
6759615
6759523
6759519
6758783
6759435
6758883
6758995
6758875
6755855
6758643
6759199
6758499
6758571
6757883
6757803
6758299
6758547
6758527
6758519
6753575
6756003
6757879
6753783
6758039
6757871
6754939
6757543
6752223
6755707
6755435
6754023
6755839
6753579
6755867
6755643
6755559
6755899
6755831
6752971
6755807
6755483
6751235
6759395
6758403
6758211
6755511
6759211
6758603
6759371
6759119
6759259
6759115
6759591
6759595
6759619
6759095
6759575
6759331
6758067
6759351
6759087
6759255
6759479
6758699
6759059
6755471
6759383
6759303
6758979
6759227
6758051
6759155
6759147
6752703
6758707
6758831
6758723
6758135
6758635
6758247
6758295
6757703
